8.493521809577941895e-01
8.259524106979370117e-01
8.236317634582519531e-01
8.220847249031066895e-01
8.209244012832641602e-01
8.207309842109680176e-01
8.209244012832641602e-01
8.211177587509155273e-01
8.205376267433166504e-01
8.197640776634216309e-01
8.191838860511779785e-01
8.189905285835266113e-01
8.187971115112304688e-01
8.184103369712829590e-01
8.182169795036315918e-01
8.180236220359802246e-01
8.178302049636840820e-01
8.180236220359802246e-01
8.180236220359802246e-01
8.176368474960327148e-01
8.178302049636840820e-01
8.182169795036315918e-01
8.180236220359802246e-01
8.178302049636840820e-01
8.172500729560852051e-01
8.168632984161376953e-01
8.166698813438415527e-01
8.166698813438415527e-01
8.162831068038940430e-01
8.157029747962951660e-01
8.157029747962951660e-01
8.153162002563476562e-01
8.153162002563476562e-01
8.151227831840515137e-01
8.149294257164001465e-01
8.147360086441040039e-01
8.145426511764526367e-01
8.145426511764526367e-01
8.145426511764526367e-01
8.145426511764526367e-01
8.141558766365051270e-01
8.137691020965576172e-01
8.135756850242614746e-01
8.137691020965576172e-01
8.135756850242614746e-01
8.131889104843139648e-01
8.128021955490112305e-01
8.126087784767150879e-01
8.124154210090637207e-01
8.126087784767150879e-01
8.124154210090637207e-01
8.122220039367675781e-01
8.124154210090637207e-01
8.118352293968200684e-01
8.118352293968200684e-01
8.116418719291687012e-01
8.116418719291687012e-01
8.116418719291687012e-01
8.116418719291687012e-01
8.114484548568725586e-01
8.112550973892211914e-01
8.116418719291687012e-01
8.116418719291687012e-01
8.116418719291687012e-01
8.114484548568725586e-01
8.108683228492736816e-01
8.108683228492736816e-01
8.108683228492736816e-01
8.104815483093261719e-01
8.102881312370300293e-01
8.100947737693786621e-01
8.099013566970825195e-01
8.095145821571350098e-01
8.093212246894836426e-01
8.091278076171875000e-01
8.089344501495361328e-01
8.089344501495361328e-01
8.087410330772399902e-01
8.085476756095886230e-01
8.083542585372924805e-01
8.085476756095886230e-01
8.083542585372924805e-01
8.081609010696411133e-01
8.081609010696411133e-01
8.077741265296936035e-01
8.075807094573974609e-01
8.077741265296936035e-01
8.073873519897460938e-01
8.070005774497985840e-01
8.066138029098510742e-01
8.056468963623046875e-01
8.048733472824096680e-01
8.035196065902709961e-01
8.027460575103759766e-01
8.015857934951782227e-01
8.008122444152832031e-01
8.006188273429870605e-01
7.998452782630920410e-01
7.986849546432495117e-01
7.969444990158081055e-01
