2.792500000000000000e+03
3.757000122070312500e+02
3.412999877929687500e+02
3.217000122070312500e+02
3.120000000000000000e+02
3.043999938964843750e+02
2.953999938964843750e+02
2.903999938964843750e+02
2.850000000000000000e+02
2.803999938964843750e+02
2.755000000000000000e+02
2.720000000000000000e+02
2.695000000000000000e+02
2.662999877929687500e+02
2.630000000000000000e+02
2.600000000000000000e+02
2.578999938964843750e+02
2.548999938964843750e+02
2.526999969482421875e+02
2.503000030517578125e+02
2.478999938964843750e+02
2.466000061035156250e+02
2.450000000000000000e+02
2.418000030517578125e+02
2.401000061035156250e+02
2.381000061035156250e+02
2.363000030517578125e+02
2.351000061035156250e+02
2.338999938964843750e+02
2.323999938964843750e+02
2.313999938964843750e+02
2.298999938964843750e+02
2.283000030517578125e+02
2.268000030517578125e+02
2.248999938964843750e+02
2.241000061035156250e+02
2.230000000000000000e+02
2.220000000000000000e+02
2.208999938964843750e+02
2.195000000000000000e+02
2.183999938964843750e+02
2.171999969482421875e+02
2.160000000000000000e+02
2.141999969482421875e+02
2.123999938964843750e+02
2.110000000000000000e+02
2.103999938964843750e+02
2.090000000000000000e+02
2.076000061035156250e+02
2.058000030517578125e+02
2.051000061035156250e+02
2.040000000000000000e+02
2.031000061035156250e+02
2.023999938964843750e+02
2.006000061035156250e+02
1.993000030517578125e+02
1.985000000000000000e+02
1.965000000000000000e+02
1.948999938964843750e+02
1.940000000000000000e+02
1.928999938964843750e+02
1.916000061035156250e+02
1.905000000000000000e+02
1.891999969482421875e+02
1.886000061035156250e+02
1.873000030517578125e+02
1.860000000000000000e+02
1.851000061035156250e+02
1.836999969482421875e+02
1.821000061035156250e+02
1.810000000000000000e+02
1.796999969482421875e+02
1.783000030517578125e+02
1.768999938964843750e+02
1.753000030517578125e+02
1.740000000000000000e+02
1.726999969482421875e+02
1.711999969482421875e+02
1.701000061035156250e+02
1.690000000000000000e+02
1.668999938964843750e+02
1.653999938964843750e+02
1.641000061035156250e+02
1.628999938964843750e+02
1.618000030517578125e+02
1.603000030517578125e+02
1.591000061035156250e+02
1.573000030517578125e+02
1.561000061035156250e+02
1.536999969482421875e+02
1.513999938964843750e+02
1.490000000000000000e+02
1.461999969482421875e+02
1.436999969482421875e+02
1.401999969482421875e+02
1.366000061035156250e+02
1.311000061035156250e+02
1.264000015258789062e+02
1.188000030517578125e+02
1.055999984741210938e+02
