2002/08/11/big/img_591
9
163 43.8 186 223.2
202 101.6 137 164.4
80 334.0 136 96.0
218 251.2 86 100.8
303 250.4 105 123.6
317 206.4 115 135.6
0 296.2 85 124.8
362 230.4 62 75.6
335 229.0 65 78.0
2002/08/26/big/img_265
11
297 51.4 114 135.6
49 22.2 113 136.8
296 65.0 95 114.0
59 55.6 88 104.4
151 92.2 69 82.8
310 99.6 77 92.4
64 67.4 75 87.6
92 42.6 62 74.4
270 174.4 63 75.6
58 159.8 36 43.2
180 106.4 33 39.6
2002/07/19/big/img_423
5
0 41.8 81 157.2
340 147.6 103 122.4
152 43.8 152 181.2
272 103.8 81 97.2
214 7.2 55 64.8
2002/08/24/big/img_490
4
104 33.8 82 97.2
124 332.0 100 108.0
101 335.8 73 85.2
172 347.0 87 102.0
2002/08/31/big/img_17676
3
17 8.4 169 201.6
25 63.4 47 57.6
25 63.4 47 57.6
2002/07/31/big/img_228
6
54 52.0 90 108.0
251 17.2 90 106.8
39 194.8 94 115.2
263 31.2 54 64.8
59 34.6 104 128.4
72 58.6 67 80.4
2002/07/24/big/img_402
6
268 78.8 131 157.2
72 70.2 99 118.8
89 75.0 70 84.0
76 104.8 65 79.2
315 3.4 67 81.6
322 30.6 42 50.4
2002/08/04/big/img_769
10
182 82.0 135 186.0
0 9.8 150 223.2
25 52.0 124 150.0
208 133.6 87 104.4
181 80.6 135 164.4
33 109.6 105 128.4
118 270.4 68 81.6
59 267.0 44 54.0
40 249.0 71 84.0
147 195.4 53 63.6
2002/07/19/big/img_581
7
74 92.0 165 198.0
74 92.0 165 198.0
106 175.8 95 115.2
144 123.8 117 139.2
200 173.8 116 145.2
94 115.6 117 140.4
55 171.2 69 82.8
2002/08/13/big/img_723
3
73 65.0 190 228.0
78 113.6 77 92.4
243 83.0 56 66.0
2002/08/12/big/img_821
2
59 103.2 217 256.8
57 57.0 261 312.0
2003/01/17/big/img_610
11
310 56.6 99 134.4
121 26.4 133 159.6
155 91.0 76 90.0
155 91.0 76 90.0
336 108.0 55 66.0
146 28.8 106 127.2
312 64.0 97 114.0
0 141.2 31 46.8
0 141.2 31 46.8
189 49.0 76 90.0
159 78.2 39 46.8
2002/08/13/big/img_1116
4
116 27.0 162 192.0
154 107.2 69 82.8
44 206.8 67 79.2
166 138.0 45 54.0
2002/08/28/big/img_19238
7
45 52.4 94 111.6
313 129.6 88 104.4
297 101.4 120 141.6
284 231.8 84 103.2
336 164.2 55 64.8
59 70.4 68 81.6
408 -10.8 41 88.8
2002/08/21/big/img_660
5
107 78.8 141 169.2
59 200.8 176 211.2
138 120.6 91 110.4
138 120.6 91 110.4
133 113.8 58 67.2
2002/08/14/big/img_607
6
96 27.0 95 114.0
89 55.2 90 106.8
136 28.6 82 98.4
97 25.8 81 97.2
158 37.0 55 66.0
118 68.8 48 55.2
2002/08/05/big/img_3708
7
296 28.6 126 176.4
87 -1.4 147 176.4
306 27.8 131 157.2
351 215.6 67 80.4
340 117.6 67 80.4
9 92.8 81 97.2
130 70.8 81 97.2
2002/08/19/big/img_511
5
66 30.2 134 160.8
220 28.4 104 123.6
244 49.6 71 86.4
90 58.6 92 110.4
258 80.8 50 61.2
2002/08/07/big/img_1316
7
275 105.2 78 94.8
62 21.8 96 115.2
348 194.6 96 116.4
86 63.0 60 72.0
355 158.8 82 103.2
133 198.8 37 43.2
284 111.2 63 76.8
2002/07/25/big/img_1047
8
174 57.0 229 276.0
74 92.6 137 164.4
48 -17.0 200 240.0
174 85.8 191 229.2
144 288.2 161 76.8
153 295.4 100 69.6
140 119.8 62 73.2
327 122.6 48 56.4
2002/07/23/big/img_474
8
234 60.4 134 159.6
116 27.4 148 177.6
141 54.4 113 135.6
166 92.0 80 96.0
234 343.4 88 105.6
0 312.6 46 56.4
15 277.4 58 69.6
259 118.4 73 87.6
2002/07/27/big/img_970
3
90 26.6 92 110.4
312 136.4 49 57.6
312 136.4 49 57.6
2002/09/02/big/img_15752
4
177 48.6 114 134.4
235 116.4 157 189.6
197 89.4 84 99.6
218 116.8 65 79.2
2002/09/01/big/img_16378
9
51 96.2 79 94.8
72 104.4 99 117.6
162 50.4 108 129.6
65 133.4 49 57.6
322 129.4 64 75.6
180 88.6 79 92.4
286 151.8 58 67.2
170 57.8 82 97.2
242 186.4 53 63.6
2002/09/01/big/img_16189
4
152 49.0 125 150.0
168 72.2 92 112.8
196 123.0 52 60.0
196 123.0 52 60.0
2002/08/26/big/img_276
2
103 68.4 173 207.6
184 282.6 68 80.4
2002/07/24/big/img_518
8
87 30.2 133 160.8
237 33.0 144 174.0
229 30.2 135 160.8
135 91.0 75 90.0
108 41.0 110 132.0
11 137.2 85 100.8
123 171.2 68 82.8
384 49.6 53 62.4
2002/08/14/big/img_1027
10
90 86.4 148 177.6
0 1.4 90 135.6
0 254.0 131 186.0
106 56.8 117 139.2
125 -0.2 82 97.2
121 117.6 93 110.4
5 29.8 76 91.2
170 232.6 105 122.4
20 52.8 60 73.2
20 335.8 80 97.2
2002/08/24/big/img_733
6
82 40.0 206 246.0
147 151.0 96 114.0
109 70.0 162 192.0
0 103.6 109 134.4
179 17.8 96 115.2
240 115.8 67 79.2
2002/08/15/big/img_249
2
124 21.6 137 164.4
138 37.0 111 132.0
2003/01/15/big/img_1371
3
0 -5.8 263 316.8
54 48.8 196 235.2
61 120.8 74 91.2
2002/08/07/big/img_1348
2
173 65.0 95 114.0
8 26.8 46 55.2
2003/01/01/big/img_331
4
124 24.0 125 150.0
156 249.2 158 190.8
45 102.8 100 121.2
27 202.0 55 66.0
2002/08/23/big/img_536
2
35 53.4 254 303.6
11 240.2 72 88.8
2002/07/30/big/img_224
5
284 110.2 50 58.8
250 51.6 112 134.4
0 120.6 56 98.4
270 73.2 84 100.8
250 86.4 40 45.6
2002/08/10/big/img_763
7
34 32.6 272 368.4
125 176.2 168 202.8
95 159.2 200 238.8
162 108.4 127 147.6
54 102.0 137 162.0
162 108.4 127 147.6
176 106.6 84 98.4
2002/08/21/big/img_293
1
121 57.8 146 175.2
2002/08/15/big/img_1211
3
68 40.2 144 172.8
43 32.8 190 229.2
105 104.4 83 99.6
2002/08/15/big/img_1194
3
144 23.6 88 104.4
139 31.0 72 90.0
155 68.8 53 61.2
2003/01/15/big/img_390
8
97 33.0 145 174.0
267 34.0 141 204.0
297 63.0 106 126.0
111 73.4 98 117.6
263 45.6 145 176.4
271 69.8 101 121.2
256 98.8 62 73.2
276 118.2 39 46.8
2002/08/06/big/img_2893
6
47 192.8 166 199.2
118 -39.6 200 237.6
169 63.4 87 105.6
231 176.6 84 98.4
0 318.2 48 100.8
184 159.8 72 85.2
2002/08/17/big/img_691
10
108 135.6 92 110.4
126 154.4 59 69.6
179 109.0 80 96.0
52 53.8 81 97.2
38 127.0 55 66.0
102 120.6 61 74.4
102 120.6 61 74.4
158 92.8 47 55.2
158 92.8 47 55.2
200 145.2 41 46.8
2002/08/07/big/img_1695
3
97 54.4 94 111.6
121 109.6 57 68.4
0 94.0 23 42.0
2002/08/16/big/img_829
8
74 50.4 136 165.6
0 207.6 90 176.4
178 144.2 84 100.8
180 103.8 56 67.2
82 77.8 83 97.2
82 77.8 83 97.2
90 30.4 69 81.6
165 222.4 47 57.6
2002/07/25/big/img_201
6
106 56.0 100 120.0
96 233.4 113 135.6
180 158.2 109 130.8
190 224.2 50 58.8
109 53.6 82 98.4
135 276.0 35 42.0
2002/08/23/big/img_36
5
128 167.0 116 138.0
124 119.0 125 150.0
21 190.0 105 126.0
0 231.4 25 57.6
148 188.4 66 81.6
2003/01/15/big/img_763
4
127 106.2 105 124.8
87 26.8 161 193.2
124 67.4 108 129.6
299 212.6 61 98.4
2003/01/15/big/img_637
13
99 120.4 158 189.6
176 255.4 160 153.6
109 149.2 104 124.8
169 -19.4 139 116.4
119 190.0 90 108.0
136 168.2 69 82.8
116 173.2 94 112.8
37 145.4 103 123.6
109 149.2 104 124.8
0 186.0 47 60.0
0 81.8 49 73.2
94 173.0 90 108.0
44 65.4 59 69.6
2002/08/22/big/img_592
3
68 69.2 158 190.8
68 59.0 161 192.0
112 178.0 52 60.0
2002/07/25/big/img_817
4
245 211.8 92 109.2
75 143.4 89 105.6
97 151.2 60 70.8
175 123.8 35 43.2
2003/01/15/big/img_1219
2
147 42.8 96 115.2
195 63.0 51 60.0
2002/08/05/big/img_3508
13
75 24.2 124 148.8
85 52.0 90 108.0
22 187.2 103 124.8
179 159.4 103 123.6
143 105.4 58 69.6
11 260.0 102 126.0
212 264.6 82 98.4
38 192.6 48 56.4
19 396.4 52 51.6
99 295.4 52 63.6
124 260.6 53 62.4
136 203.6 53 62.4
4 50.4 36 51.6
2002/08/15/big/img_1108
4
68 171.0 191 228.0
28 87.4 254 303.6
122 257.8 87 103.2
133 238.2 43 52.8
2002/07/19/big/img_488
5
191 39.2 140 166.8
77 132.8 101 121.2
228 105.6 84 98.4
48 103.8 146 175.2
240 123.4 48 57.6
2003/01/16/big/img_704
9
36 77.2 90 106.8
0 32.4 152 183.6
166 277.2 95 112.8
51 126.2 60 70.8
76 281.8 65 79.2
142 235.4 79 93.6
109 205.8 73 85.2
189 328.2 43 52.8
8 14.4 59 99.6
2003/01/13/big/img_1087
5
147 19.8 106 127.2
174 76.2 55 64.8
196 42.8 44 55.2
230 150.2 42 46.8
159 45.2 40 46.8
2002/08/10/big/img_670
3
81 47.0 170 204.0
53 37.8 181 217.2
125 122.4 98 117.6
2002/07/24/big/img_104
1
210 90.0 70 84.0
2002/08/27/big/img_19823
2
228 -5.8 173 208.8
289 76.4 83 99.6
2002/09/01/big/img_16229
7
9 -48.4 266 320.4
103 68.0 143 174.0
224 131.0 124 150.0
180 112.6 181 218.4
123 120.6 91 110.4
16 235.4 109 135.6
320 -8.4 72 98.4
2003/01/13/big/img_846
2
49 77.0 125 150.0
197 61.0 71 114.0
2002/08/04/big/img_412
4
192 263.2 96 112.8
290 160.0 134 162.0
173 212.0 156 186.0
173 212.0 156 186.0
2002/07/22/big/img_554
15
335 23.8 71 85.2
21 7.6 67 80.4
160 17.4 90 105.6
179 37.0 65 78.0
244 -2.8 65 76.8
264 236.4 54 63.6
6 179.0 74 90.0
390 173.6 59 74.4
108 138.0 55 66.0
285 30.0 75 90.0
274 230.6 37 44.4
61 230.8 36 43.2
100 180.4 33 39.6
17 170.2 48 58.8
97 89.0 70 84.0
2002/08/12/big/img_331
11
14 -2.0 88 108.0
250 163.2 54 64.8
157 74.6 67 80.4
232 357.0 70 84.0
240 39.4 54 63.6
31 33.0 55 66.0
212 214.4 38 45.6
171 84.8 48 55.2
171 84.8 48 55.2
39 20.8 56 67.2
19 18.4 58 69.6
2002/08/02/big/img_533
1
62 54.0 194 234.0
2002/08/12/big/img_259
4
161 69.6 98 116.4
206 55.2 103 124.8
182 114.4 74 87.6
212 90.6 51 62.4
2002/08/18/big/img_328
4
147 212.8 96 115.2
154 219.6 78 92.4
153 236.6 47 56.4
279 17.4 43 51.6
2003/01/14/big/img_630
6
100 20.2 79 94.8
214 33.4 98 117.6
207 180.6 125 128.4
162 66.0 45 54.0
345 92.6 48 56.4
99 24.4 76 87.6
2002/08/05/big/img_3541
9
87 17.6 74 86.4
70 -1.2 103 121.2
86 189.2 118 136.8
222 92.0 45 54.0
66 -11.4 81 98.4
101 46.6 48 56.4
69 29.6 42 50.4
332 223.2 45 52.8
193 84.0 40 48.0
2002/08/06/big/img_2390
9
270 73.2 75 88.8
93 33.8 81 97.2
225 -0.6 137 165.6
84 184.2 140 166.8
161 141.4 98 117.6
11 153.0 94 114.0
195 166.0 45 54.0
140 239.4 61 75.6
119 263.2 44 52.8
2002/08/20/big/img_150
4
95 70.2 91 106.8
74 50.2 125 148.8
71 18.8 151 181.2
132 59.6 92 110.4
2002/08/02/big/img_1231
10
127 61.2 115 136.8
296 36.6 126 152.4
124 66.4 108 129.6
45 89.4 83 99.6
295 164.0 50 60.0
64 128.8 46 55.2
10 118.8 51 61.2
296 91.8 46 55.2
148 122.0 56 66.0
148 122.0 56 66.0
2002/08/16/big/img_710
6
206 181.4 88 105.6
200 180.8 92 109.2
24 61.6 100 122.4
164 149.0 101 120.0
20 67.2 98 118.8
41 83.0 65 78.0
2002/08/19/big/img_591
3
154 43.0 260 276.0
202 90.6 182 218.4
405 91.8 44 163.2
2002/07/22/big/img_725
3
109 205.4 114 135.6
88 132.4 144 171.6
70 102.4 108 129.6
2002/07/24/big/img_820
3
62 70.8 131 157.2
90 127.0 81 96.0
67 68.8 117 139.2
2003/01/13/big/img_568
9
221 41.4 87 105.6
75 23.6 87 104.4
259 50.8 66 79.2
87 39.4 73 87.6
246 38.4 73 87.6
90 43.0 55 66.0
279 212.0 50 60.0
288 43.8 59 73.2
100 68.6 47 56.4
2002/08/22/big/img_853
3
51 273.2 81 94.8
136 32.2 123 148.8
244 283.2 59 70.8
2002/08/09/big/img_648
1
141 32.6 123 146.4
2002/08/23/big/img_528
5
21 131.6 93 110.4
24 136.0 86 102.0
192 99.2 65 76.8
202 23.6 42 50.4
361 76.0 72 84.0
2003/01/14/big/img_888
4
81 83.0 225 270.0
0 10.0 349 432.0
197 133.2 120 142.8
189 159.8 72 85.2
2002/08/30/big/img_18201
8
81 26.4 113 135.6
189 35.2 140 166.8
307 72.2 85 100.8
109 71.6 73 86.4
221 96.0 55 66.0
17 156.0 55 66.0
60 72.0 35 42.0
115 95.4 62 75.6
2002/08/13/big/img_965
15
346 107.0 103 240.0
99 51.2 93 112.8
254 19.4 87 105.6
315 21.0 134 162.0
151 159.8 86 103.2
115 89.0 70 84.0
135 62.2 52 64.8
341 334.0 50 60.0
322 318.6 66 80.4
96 332.4 75 75.6
383 258.4 62 75.6
305 128.6 56 68.4
54 105.8 57 67.2
115 61.2 74 88.8
275 66.4 50 63.6
2003/01/14/big/img_660
8
24 32.6 122 146.4
250 88.0 90 108.0
63 89.2 65 76.8
37 40.4 102 123.6
380 67.8 29 61.2
380 67.8 29 61.2
17 65.2 58 70.8
326 20.2 43 52.8
2002/07/19/big/img_517
3
34 61.4 210 249.6
75 169.0 150 180.0
75 169.0 150 180.0
2003/01/14/big/img_406
3
57 28.0 225 270.0
16 101.2 98 118.8
232 198.4 66 81.6
2002/08/30/big/img_18433
3
300 51.8 36 43.2
0 256.0 55 66.0
134 -0.8 39 46.8
2002/08/07/big/img_1630
8
29 49.0 194 234.0
151 61.0 140 168.0
53 119.0 152 180.0
25 58.6 163 194.4
205 102.2 64 76.8
259 266.6 41 140.4
53 26.2 80 94.8
50 124.8 84 97.2
2002/08/06/big/img_2717
5
82 81.0 203 246.0
82 81.0 203 246.0
107 172.4 118 141.6
71 97.2 173 208.8
37 191.2 40 46.8
2002/08/21/big/img_470
9
53 105.6 81 98.4
242 122.2 69 82.8
66 105.4 72 87.6
109 199.8 56 67.2
237 126.4 67 81.6
251 148.6 42 50.4
77 131.8 52 61.2
77 131.8 52 61.2
18 208.0 30 36.0
2002/07/23/big/img_633
8
52 82.4 123 147.6
0 98.0 99 168.0
43 80.8 121 145.2
0 125.2 84 100.8
77 143.2 63 76.8
164 265.8 51 61.2
133 292.6 61 74.4
94 165.6 42 50.4
2002/08/20/big/img_915
2
33 65.0 191 228.0
63 128.2 70 82.8
2002/08/16/big/img_893
1
140 36.2 74 88.8
2002/07/29/big/img_644
3
0 -17.6 291 465.6
2 129.0 231 276.0
139 163.6 77 92.4
2002/08/15/big/img_529
6
128 17.8 117 139.2
167 54.0 55 66.0
318 42.8 95 115.2
151 47.8 75 91.2
101 204.8 41 49.2
333 90.8 51 61.2
2002/08/16/big/img_668
4
109 100.0 190 228.0
88 277.8 95 115.2
166 193.0 96 114.0
11 145.6 86 98.4
2002/08/07/big/img_1871
13
263 -0.6 86 117.6
147 -6.4 178 212.4
195 83.2 86 100.8
64 37.6 127 152.4
70 245.6 119 140.4
169 -15.0 76 90.0
169 -15.0 76 90.0
65 335.6 72 86.4
191 18.8 42 49.2
167 366.8 63 73.2
239 227.6 52 62.4
193 203.4 47 57.6
270 55.4 45 51.6
2002/07/25/big/img_192
3
127 49.0 125 150.0
261 186.8 67 79.2
109 58.0 81 96.0
2002/07/31/big/img_961
8
79 34.8 112 133.2
33 271.4 219 177.6
94 52.2 90 106.8
0 231.0 104 132.0
142 20.0 83 102.0
92 45.4 94 111.6
36 208.6 81 98.4
156 22.6 45 50.4
2002/08/19/big/img_738
12
54 68.2 99 118.8
185 3.0 80 96.0
200 60.4 134 159.6
157 -22.0 124 150.0
0 102.6 89 128.4
45 43.8 129 157.2
190 263.2 94 112.8
218 79.6 104 122.4
41 316.0 55 66.0
63 335.6 52 62.4
223 283.0 84 102.0
210 70.2 74 88.8
2002/07/31/big/img_382
1
56 67.8 236 283.2
2002/08/19/big/img_298
7
46 36.0 225 270.0
147 105.0 105 126.0
65 73.4 159 189.6
115 187.8 85 103.2
84 97.2 116 136.8
205 321.4 68 81.6
139 -5.2 62 73.2
2003/01/17/big/img_608
4
68 -5.2 191 229.2
71 44.0 130 156.0
106 87.8 91 109.2
118 292.8 57 67.2
2002/08/21/big/img_514
2
107 37.4 129 153.6
161 305.2 98 118.8
2002/07/23/big/img_183
4
62 41.8 131 157.2
288 80.8 69 145.2
18 10.8 132 163.2
61 62.8 107 127.2
2003/01/17/big/img_536
3
196 34.2 89 106.8
213 176.6 42 50.4
253 169.0 48 60.0
2002/07/24/big/img_478
9
175 61.6 101 122.4
118 6.0 109 132.0
144 25.2 80 94.8
322 33.6 97 116.4
103 321.0 114 90.0
182 74.0 89 108.0
194 291.2 40 46.8
340 271.4 39 45.6
344 252.4 58 69.6
2002/08/06/big/img_2997
2
69 62.2 198 274.8
145 172.6 101 122.4
2002/09/02/big/img_15380
5
84 68.4 174 207.6
38 27.4 231 279.6
104 146.0 116 138.0
110 156.4 109 129.6
51 92.4 113 135.6
2002/08/07/big/img_1153
4
152 49.2 125 148.8
232 14.4 54 63.6
138 90.0 60 72.0
215 84.0 53 60.0
2002/07/31/big/img_967
4
286 37.2 74 88.8
91 13.8 76 91.2
127 228.4 77 93.6
92 26.2 59 70.8
2002/07/31/big/img_711
4
105 44.6 87 104.4
109 62.6 67 80.4
121 51.6 67 80.4
62 288.8 47 55.2
2002/08/26/big/img_664
1
101 61.6 76 92.4
2003/01/01/big/img_326
4
40 36.2 224 268.8
109 161.6 98 116.4
68 76.4 143 171.6
87 328.2 58 70.8
2002/08/24/big/img_775
3
111 32.6 123 146.4
141 103.6 57 68.4
121 53.2 99 118.8
2002/08/08/big/img_961
7
170 33.2 158 190.8
164 38.2 140 166.8
289 230.0 111 96.0
233 123.6 81 98.4
263 245.6 68 80.4
280 213.6 62 74.4
265 268.4 48 57.6
2002/08/16/big/img_77
9
2 31.8 247 295.2
83 150.4 135 159.6
84 246.2 205 202.8
97 74.8 136 199.2
28 65.4 205 243.6
22 80.6 162 230.4
22 323.6 88 104.4
181 111.0 96 114.0
196 117.4 65 75.6
2002/08/12/big/img_296
6
259 30.2 133 160.8
57 32.6 122 146.4
268 53.4 109 129.6
234 55.2 104 124.8
334 206.2 43 52.8
289 72.0 71 84.0
2002/07/22/big/img_905
10
136 30.4 83 99.6
166 30.0 95 114.0
273 51.6 67 80.4
199 71.0 40 48.0
198 75.4 69 81.6
333 58.6 41 50.4
199 71.0 40 48.0
140 43.0 70 84.0
140 43.0 70 84.0
111 48.6 53 62.4
2003/01/13/big/img_284
3
68 -1.8 174 208.8
87 12.6 147 176.4
107 82.8 82 97.2
2002/08/13/big/img_887
3
29 21.6 223 344.4
21 200.8 105 127.2
149 276.8 61 73.2
2002/08/24/big/img_849
5
184 28.2 83 100.8
45 26.2 94 112.8
343 89.8 82 97.2
350 45.8 97 115.2
48 37.6 84 98.4
2002/07/30/big/img_345
6
82 15.6 201 392.4
0 120.2 88 160.8
127 175.2 141 184.8
176 251.8 82 97.2
92 87.2 191 226.8
176 269.8 69 79.2
2002/08/18/big/img_419
9
20 167.4 83 99.6
117 48.8 70 85.2
191 86.0 95 114.0
25 195.4 68 81.6
108 127.8 61 73.2
44 185.8 58 67.2
126 58.4 56 69.6
166 80.6 53 62.4
60 70.4 64 75.6
2002/08/01/big/img_1347
6
103 68.6 172 206.4
149 161.4 74 87.6
203 137.8 46 55.2
236 129.8 56 67.2
236 129.8 56 67.2
133 136.4 48 57.6
2002/08/05/big/img_3670
8
244 -0.2 186 229.2
127 129.4 219 243.6
312 145.6 86 104.4
273 99.0 110 132.0
254 20.8 162 193.2
254 20.8 162 193.2
262 71.4 73 87.6
107 325.0 71 48.0
2002/07/21/big/img_479
2
218 28.2 119 142.8
246 63.2 63 76.8
2002/08/08/big/img_913
7
0 1.0 94 114.0
108 106.4 83 99.6
163 -18.4 94 110.4
169 -14.8 83 100.8
139 150.0 36 42.0
139 150.0 36 42.0
164 345.4 53 63.6
2002/09/02/big/img_15828
1
93 41.8 92 109.2
2002/08/30/big/img_18194
8
244 65.8 190 229.2
0 -3.4 228 290.4
34 117.0 131 156.0
270 130.4 73 87.6
155 123.4 75 87.6
44 59.4 68 81.6
163 184.8 52 61.2
49 81.2 86 100.8
2002/08/08/big/img_471
2
184 -8.8 195 232.8
0 30.4 174 267.6
2002/08/22/big/img_734
4
74 6.0 171 204.0
107 82.4 118 141.6
107 82.4 118 141.6
121 106.0 77 90.0
2002/08/09/big/img_586
2
41 72.6 247 296.4
106 186.6 143 170.4
2002/08/09/big/img_454
2
177 24.0 125 150.0
226 107.4 57 69.6
2002/07/29/big/img_47
3
104 91.0 166 198.0
36 177.2 77 94.8
220 9.2 59 70.8
2002/07/19/big/img_381
6
173 36.4 129 153.6
0 186.8 131 157.2
206 101.0 72 84.0
239 60.4 72 87.6
170 48.6 117 140.4
211 124.4 66 81.6
2002/07/29/big/img_733
6
165 23.4 87 105.6
159 16.4 98 117.6
380 55.0 46 54.0
82 101.0 34 42.0
175 31.6 67 80.4
398 7.8 42 55.2
2002/08/20/big/img_327
4
123 13.6 83 98.4
109 -3.8 104 124.8
255 389.2 48 58.8
146 189.4 48 57.6
2002/07/21/big/img_96
7
110 35.8 81 97.2
143 177.0 90 108.0
70 206.8 146 175.2
90 1.8 122 145.2
141 346.2 75 88.8
211 178.2 81 106.8
141 352.4 59 69.6
2002/08/06/big/img_2680
2
139 212.4 159 189.6
208 262.8 75 91.2
2002/07/25/big/img_919
3
109 229.4 82 99.6
20 315.0 60 72.0
134 281.0 39 48.0
2002/07/21/big/img_158
5
101 21.0 105 126.0
128 72.2 55 64.8
133 75.6 47 56.4
13 116.4 47 57.6
112 43.0 72 84.0
2002/07/22/big/img_801
3
103 33.2 145 172.8
107 43.8 130 157.2
233 297.4 70 111.6
2002/07/22/big/img_567
14
245 30.2 68 82.8
52 63.2 65 76.8
126 142.6 128 152.4
124 205.2 120 142.8
0 299.6 102 122.4
0 299.6 102 122.4
14 270.2 58 70.8
152 60.6 73 86.4
292 294.6 82 98.4
292 294.6 82 98.4
234 206.6 69 80.4
252 195.8 58 67.2
120 159.8 82 97.2
249 32.4 57 69.6
2002/07/24/big/img_804
3
163 163.0 171 204.0
0 -2.8 223 268.8
106 73.4 83 99.6
2002/07/24/big/img_690
6
245 12.4 83 99.6
157 52.2 74 88.8
336 -13.0 66 78.0
160 59.2 65 76.8
255 25.4 58 69.6
85 58.2 34 40.8
2003/01/15/big/img_576
2
87 57.8 121 145.2
89 67.8 110 133.2
2002/08/14/big/img_335
3
49 34.8 322 385.2
122 164.2 204 244.8
140 272.2 143 172.8
2003/01/13/big/img_390
6
97 16.4 73 87.6
270 20.2 79 94.8
84 2.8 86 103.2
169 -28.2 144 169.2
209 29.4 58 69.6
272 30.0 60 72.0
2002/08/11/big/img_258
5
156 88.0 70 84.0
157 70.6 82 98.4
39 45.0 192 228.0
57 -17.6 109 105.6
262 325.4 72 87.6
2002/07/23/big/img_917
5
103 39.8 117 139.2
0 184.8 76 97.2
7 293.6 56 68.4
226 177.6 47 56.4
197 70.2 39 46.8
2002/08/15/big/img_525
13
192 39.8 117 139.2
90 106.2 99 118.8
63 68.2 145 172.8
150 3.0 200 240.0
192 39.8 117 139.2
257 323.2 69 82.8
197 59.2 78 94.8
45 110.0 50 60.0
222 91.8 46 55.2
251 43.6 68 80.4
280 267.6 33 38.4
273 157.8 36 43.2
297 91.2 27 34.8
2003/01/15/big/img_505
4
77 46.6 137 164.4
108 71.8 82 97.2
184 96.6 66 80.4
110 105.6 72 86.4
2002/07/30/big/img_886
5
52 54.2 178 214.8
45 290.4 68 81.6
29 228.4 83 99.6
110 355.4 97 93.6
45 290.4 68 81.6
2003/01/16/big/img_640
3
102 77.6 114 134.4
73 -13.4 182 218.4
122 96.4 72 87.6
2003/01/14/big/img_642
4
81 50.2 80 94.8
40 -3.8 128 154.8
130 35.2 77 94.8
163 224.2 69 82.8
2003/01/17/big/img_844
5
70 33.4 173 207.6
106 109.4 134 159.6
263 342.6 87 104.4
258 352.6 44 50.4
191 370.6 53 62.4
2002/08/04/big/img_571
6
249 79.0 143 174.0
164 10.4 143 171.6
172 38.8 115 139.2
183 62.4 109 129.6
183 52.2 89 106.8
294 237.8 56 67.2
2002/08/29/big/img_18702
8
98 74.4 146 171.6
209 73.0 119 144.0
296 147.4 126 177.6
23 77.0 123 150.0
50 95.0 85 102.0
317 211.4 88 105.6
293 6.8 66 79.2
119 261.4 62 75.6
2003/01/15/big/img_240
1
131 16.2 91 106.8
2002/07/29/big/img_553
6
312 14.6 81 98.4
185 46.2 84 100.8
64 5.0 94 114.0
197 50.2 72 88.8
231 110.8 42 49.2
329 86.4 40 45.6
2002/08/10/big/img_354
1
137 39.4 158 189.6
2002/08/18/big/img_17
4
86 55.8 161 193.2
0 36.2 79 166.8
115 99.6 77 92.4
128 88.4 87 105.6
2003/01/15/big/img_782
5
84 4.4 87 105.6
185 15.0 62 72.0
185 15.0 62 72.0
62 275.6 81 98.4
186 21.4 48 57.6
2002/07/27/big/img_382
9
163 86.4 108 129.6
146 57.8 146 175.2
147 241.0 95 114.0
129 272.2 63 76.8
173 271.0 59 72.0
298 156.4 31 39.6
153 285.8 36 43.2
9 121.4 37 57.6
286 83.4 48 57.6
2002/08/14/big/img_970
4
235 30.4 132 159.6
272 95.8 66 79.2
250 50.8 105 127.2
194 34.0 61 72.0
2003/01/16/big/img_70
1
29 45.0 214 258.0
2003/01/16/big/img_625
2
31 -10.2 195 235.2
100 109.6 74 92.4
2002/08/18/big/img_341
0
2002/08/26/big/img_188
11
240 155.4 53 63.6
100 72.4 112 135.6
86 75.2 140 166.8
125 140.2 54 64.8
283 103.4 60 69.6
278 130.8 61 73.2
104 84.6 97 116.4
170 194.2 43 52.8
288 105.6 52 62.4
278 165.2 39 46.8
160 103.0 71 84.0
2002/08/09/big/img_405
7
133 40.4 145 171.6
166 106.0 106 126.0
143 47.4 118 141.6
383 99.4 61 87.6
383 99.4 61 87.6
259 94.0 38 48.0
259 94.0 38 48.0
2002/08/02/big/img_37
10
99 74.4 137 165.6
361 110.8 76 91.2
100 89.8 117 139.2
139 196.0 75 90.0
139 196.0 75 90.0
381 101.2 54 64.8
362 271.8 56 67.2
362 271.8 56 67.2
369 154.2 80 100.8
386 99.2 40 46.8
2002/08/13/big/img_748
4
236 38.6 43 50.4
294 -27.8 139 166.8
52 49.8 108 127.2
285 100.8 78 91.2
2002/07/22/big/img_399
1
95 279.4 104 123.6
2002/07/25/big/img_844
3
108 34.0 90 108.0
32 127.6 68 80.4
21 54.2 30 34.8
2002/08/12/big/img_340
9
128 81.2 129 154.8
160 92.6 73 86.4
256 111.2 85 100.8
167 103.4 60 69.6
179 102.0 70 84.0
271 127.0 55 66.0
82 72.6 45 56.4
181 127.0 35 42.0
167 107.4 58 69.6
2003/01/13/big/img_815
1
31 57.6 148 176.4
2002/08/26/big/img_5
7
126 44.6 87 104.4
83 -26.4 162 194.4
21 184.2 61 70.8
48 99.0 46 54.0
0 161.6 38 80.4
219 72.8 46 55.2
139 55.0 71 84.0
2002/08/10/big/img_158
6
77 74.4 138 165.6
104 123.8 116 139.2
118 215.2 78 94.8
118 135.6 73 86.4
62 83.8 64 79.2
131 243.4 43 51.6
2002/08/18/big/img_95
4
69 129.0 226 276.0
37 298.2 48 58.8
141 248.6 113 134.4
206 237.2 42 52.8
2002/07/29/big/img_1297
5
6 81.0 205 246.0
62 121.6 122 146.4
82 123.8 116 139.2
90 182.0 75 90.0
205 181.0 35 42.0
2003/01/13/big/img_508
2
102 21.6 138 164.4
114 40.4 102 123.6
2002/09/01/big/img_16680
6
50 90.4 74 87.6
322 79.8 76 91.2
182 92.2 69 82.8
182 92.2 69 82.8
166 75.2 64 76.8
62 122.8 51 61.2
2003/01/16/big/img_338
4
111 62.6 123 146.4
0 275.4 27 63.6
118 113.0 80 96.0
0 313.0 30 66.0
2002/08/13/big/img_517
4
102 30.8 190 229.2
102 44.6 166 200.4
155 71.8 136 163.2
141 145.4 73 87.6
2002/07/22/big/img_626
4
106 16.2 89 106.8
273 59.8 76 91.2
288 74.8 46 55.2
291 97.4 47 57.6
2002/08/06/big/img_3024
2
42 56.2 139 166.8
76 126.2 86 100.8
2002/07/26/big/img_499
4
118 91.6 132 158.4
104 318.2 155 130.8
13 150.6 91 110.4
140 149.0 85 102.0
2003/01/13/big/img_387
2
66 19.0 115 138.0
92 71.8 56 67.2
2002/08/31/big/img_18025
11
300 44.0 135 180.0
300 44.0 135 180.0
102 46.6 138 164.4
140 82.4 78 93.6
45 44.8 125 151.2
361 136.0 81 96.0
163 142.2 50 58.8
302 61.8 107 127.2
111 63.8 117 139.2
98 49.8 79 97.2
355 101.4 48 57.6
2002/08/13/big/img_520
4
304 14.6 81 98.4
352 109.0 56 66.0
231 186.0 25 30.0
326 52.0 40 48.0
2003/01/16/big/img_576
3
99 21.6 151 182.4
126 86.0 96 114.0
109 46.2 119 142.8
2002/07/26/big/img_121
4
111 99.0 60 72.0
178 16.2 89 106.8
308 209.8 117 139.2
286 74.8 71 85.2
2002/08/25/big/img_703
4
54 19.8 61 73.2
62 22.8 47 55.2
0 118.0 23 42.0
158 53.6 28 32.4
2002/08/26/big/img_615
3
249 43.6 166 200.4
247 96.0 130 156.0
308 93.8 82 97.2
2002/08/17/big/img_434
3
69 -46.4 253 278.4
103 33.2 173 208.8
57 25.8 185 223.2
2002/08/02/big/img_677
9
5 30.8 191 229.2
50 123.4 109 129.6
0 212.4 156 189.6
30 50.4 158 189.6
152 41.4 138 165.6
57 296.2 80 94.8
36 230.4 108 129.6
125 55.0 161 192.0
28 81.8 122 145.2
2002/08/18/big/img_276
5
99 77.2 113 136.8
275 211.0 115 126.0
85 92.2 84 100.8
117 119.2 92 112.8
175 95.8 66 79.2
2002/08/05/big/img_3672
3
106 109.2 69 82.8
239 80.0 62 72.0
376 184.4 65 75.6
2002/07/26/big/img_700
4
109 187.4 129 153.6
131 204.2 91 106.8
152 235.8 66 79.2
114 175.8 32 37.2
2002/07/31/big/img_277
5
41 77.2 224 268.8
0 130.8 93 133.2
121 214.6 57 68.4
88 161.4 58 69.6
167 157.8 70 85.2
2003/01/14/big/img_220
3
71 52.0 125 150.0
88 81.2 96 118.8
102 90.6 75 92.4
2002/08/23/big/img_232
4
109 21.8 116 139.2
321 86.2 109 130.8
86 65.0 55 66.0
94 80.0 35 42.0
2002/08/31/big/img_17422
5
276 44.8 76 91.2
111 5.8 111 133.2
20 199.0 80 96.0
120 18.2 99 118.8
141 39.4 53 63.6
2002/07/22/big/img_508
2
78 34.4 264 327.6
0 122.6 102 146.4
2002/08/13/big/img_681
2
128 17.8 117 139.2
37 46.8 161 193.2
2003/01/15/big/img_638
3
0 49.0 192 234.0
18 73.6 162 194.4
31 113.8 55 67.2
2002/08/30/big/img_18408
1
121 24.2 103 124.8
2003/01/14/big/img_533
5
69 68.6 174 206.4
65 60.6 161 194.4
124 149.0 105 126.0
56 197.2 105 124.8
148 98.8 67 79.2
2003/01/17/big/img_12
5
125 22.2 112 136.8
154 40.8 64 79.2
142 197.0 45 54.0
32 144.2 50 58.8
153 62.6 66 80.4
2002/08/28/big/img_19388
3
68 62.0 210 252.0
68 62.0 210 252.0
178 191.0 66 78.0
2002/08/08/big/img_133
4
79 40.2 154 184.8
86 40.4 143 171.6
117 112.2 84 100.8
8 303.8 56 67.2
2002/07/26/big/img_885
6
116 27.4 122 147.6
39 276.2 142 172.8
143 49.0 75 90.0
7 244.8 44 49.2
188 165.4 70 81.6
179 202.4 59 69.6
2002/08/19/big/img_387
3
46 -1.0 206 246.0
60 5.6 122 146.4
95 314.8 41 49.2
2002/08/27/big/img_19976
7
88 51.2 98 118.8
150 21.6 151 182.4
196 88.0 74 90.0
38 -25.4 161 194.4
348 44.2 95 112.8
249 292.8 67 79.2
113 103.2 43 52.8
2002/08/26/big/img_118
2
82 32.4 135 159.6
99 83.2 91 106.8
2002/08/28/big/img_19146
2
62 20.0 105 126.0
124 50.8 55 67.2
2002/08/05/big/img_3259
4
213 21.8 96 115.2
196 58.8 40 49.2
225 38.6 82 98.4
247 78.2 40 46.8
2002/08/15/big/img_536
3
105 17.8 115 139.2
203 239.2 38 46.8
117 30.4 99 117.6
2002/07/22/big/img_279
3
142 141.2 98 118.8
126 33.6 99 116.4
103 322.6 53 62.4
2002/07/22/big/img_9
5
42 41.0 105 126.0
198 50.2 99 118.8
200 32.6 132 158.4
210 76.8 76 91.2
228 202.4 42 51.6
2002/08/13/big/img_301
6
143 40.2 144 172.8
83 -0.8 205 244.8
150 176.0 100 120.0
124 7.8 111 133.2
23 237.8 61 73.2
84 213.6 28 32.4
2002/08/15/big/img_974
4
145 98.8 86 103.2
142 90.6 82 98.4
77 251.4 38 45.6
100 151.2 44 52.8
2002/08/06/big/img_2355
8
57 29.8 111 133.2
226 125.2 126 148.8
257 152.2 84 100.8
63 40.0 95 114.0
351 282.0 59 90.0
275 196.2 39 46.8
275 196.2 39 46.8
117 59.8 58 67.2
2002/08/01/big/img_1526
3
106 56.4 92 111.6
87 32.8 121 145.2
36 86.6 86 104.4
2002/08/03/big/img_417
13
247 26.2 79 94.8
136 212.8 76 91.2
136 212.8 76 91.2
134 29.8 77 91.2
350 27.2 69 82.8
14 9.8 101 121.2
24 217.0 70 84.0
244 203.6 78 92.4
27 218.6 62 74.4
27 218.6 62 74.4
141 231.0 50 60.0
249 30.4 73 87.6
29 20.0 68 84.0
2002/08/04/big/img_407
11
82 27.6 147 176.4
103 79.6 91 110.4
21 143.8 69 85.2
108 90.8 76 91.2
180 269.0 71 84.0
316 292.0 73 84.0
17 147.0 51 60.0
17 147.0 51 60.0
194 296.6 43 50.4
318 117.4 68 81.6
52 142.6 53 62.4
2002/08/15/big/img_1029
8
92 188.6 84 104.4
117 191.0 69 84.0
251 227.4 80 93.6
82 143.8 68 79.2
251 366.6 47 56.4
296 212.0 35 90.0
253 303.4 48 57.6
126 216.6 48 56.4
2002/07/29/big/img_700
3
40 31.8 246 295.2
66 146.6 158 188.4
182 281.8 50 61.2
2002/08/01/big/img_1463
1
184 45.4 83 99.6
2002/08/31/big/img_17365
6
152 50.4 73 87.6
126 15.8 127 151.2
141 23.8 96 115.2
163 74.2 51 58.8
163 74.2 51 58.8
106 122.6 53 62.4
2002/07/28/big/img_223
10
77 29.8 76 91.2
236 21.8 105 127.2
70 16.2 90 106.8
77 29.8 76 91.2
0 11.2 61 112.8
208 147.2 78 94.8
270 81.6 41 50.4
243 37.4 91 105.6
94 51.0 58 66.0
94 51.0 58 66.0
2002/07/19/big/img_827
2
81 -1.0 205 246.0
166 42.0 94 114.0
2002/07/27/big/img_531
9
279 34.2 169 208.8
70 72.4 98 117.6
337 -2.4 108 128.4
335 125.6 79 92.4
87 227.0 56 66.0
94 245.8 56 67.2
94 245.8 56 67.2
94 245.8 56 67.2
199 298.0 40 48.0
2002/07/19/big/img_845
5
41 89.2 169 202.8
216 210.2 58 124.8
70 114.2 126 148.8
64 134.2 96 112.8
206 237.8 37 43.2
2002/08/20/big/img_382
7
3 55.0 200 240.0
3 55.0 200 240.0
55 93.0 204 246.0
32 154.8 51 61.2
32 154.8 51 61.2
32 154.8 51 61.2
32 154.8 51 61.2
2002/07/31/big/img_268
7
100 73.2 113 136.8
24 -20.2 102 121.2
374 51.6 75 116.4
306 58.4 87 105.6
42 4.2 80 94.8
174 92.0 51 60.0
86 236.4 49 57.6
2002/08/27/big/img_19705
4
202 49.0 125 150.0
235 71.6 82 98.4
154 102.0 72 84.0
251 114.0 55 66.0
2002/08/02/big/img_830
5
0 68.8 270 325.2
0 68.8 270 325.2
49 200.0 125 150.0
208 396.2 73 52.8
155 208.8 58 67.2
2002/08/23/big/img_250
3
74 43.8 187 223.2
108 122.2 109 130.8
233 93.4 49 57.6
2002/07/20/big/img_777
10
68 166.4 210 249.6
177 57.8 146 175.2
106 262.2 119 142.8
89 205.4 157 189.6
243 81.8 122 145.2
179 54.6 137 164.4
230 57.4 93 111.6
142 310.0 81 96.0
108 223.6 116 140.4
149 277.0 50 60.0
2002/08/21/big/img_879
7
167 86.0 96 114.0
47 54.8 115 139.2
31 244.2 107 130.8
182 105.8 76 91.2
63 79.4 83 99.6
9 8.0 60 72.0
0 233.4 66 81.6
2002/08/26/big/img_20146
3
91 208.2 94 112.8
93 239.8 91 109.2
94 209.8 98 115.2
2002/08/23/big/img_789
3
60 16.4 177 213.6
87 48.2 133 160.8
101 64.2 58 70.8
2002/08/06/big/img_2683
8
62 51.4 122 147.6
77 53.4 104 123.6
312 43.6 86 104.4
319 63.2 69 82.8
81 73.4 83 99.6
23 139.4 105 123.6
388 97.8 50 61.2
152 95.0 39 48.0
2002/08/25/big/img_576
4
28 47.6 138 164.4
213 67.2 82 142.8
246 147.6 49 62.4
187 76.6 48 56.4
2002/08/09/big/img_498
3
185 34.6 83 98.4
102 367.0 50 60.0
129 349.6 68 80.4
2002/08/08/big/img_384
6
270 32.6 131 158.4
57 69.0 120 144.0
305 93.6 61 74.4
271 37.6 111 134.4
75 70.8 101 121.2
314 120.6 42 50.4
2002/08/26/big/img_592
9
103 34.2 173 208.8
26 218.0 130 156.0
167 91.0 76 90.0
167 91.0 76 90.0
112 48.6 146 176.4
194 91.2 78 94.8
155 119.6 68 80.4
142 341.4 49 57.6
44 283.0 70 84.0
2002/07/29/big/img_1470
5
170 27.4 123 147.6
199 188.6 153 218.4
50 243.0 71 84.0
192 89.4 65 75.6
187 45.2 96 112.8
2002/08/21/big/img_452
3
172 53.2 94 112.8
187 65.2 61 70.8
266 374.8 47 55.2
2002/08/30/big/img_18395
11
77 102.6 114 134.4
0 303.8 146 145.2
174 198.4 68 81.6
102 51.8 66 79.2
33 59.8 67 79.2
98 33.2 50 58.8
232 200.8 60 73.2
245 218.8 35 43.2
126 99.8 72 85.2
133 85.4 33 39.6
105 12.6 36 44.4
2002/08/15/big/img_215
7
87 32.6 122 146.4
48 193.0 160 192.0
31 171.2 125 148.8
87 48.2 99 118.8
87 48.2 99 118.8
39 243.6 83 98.4
125 105.6 51 62.4
2002/07/21/big/img_643
1
91 188.8 84 103.2
2002/07/22/big/img_209
2
169 88.6 95 116.4
218 99.8 44 55.2
2003/01/17/big/img_346
4
78 95.2 154 184.8
108 301.0 75 90.0
108 165.6 92 110.4
142 109.2 84 100.8
2002/08/25/big/img_658
7
36 34.0 90 108.0
349 51.6 66 80.4
192 43.8 97 115.2
337 24.8 101 121.2
42 45.8 75 91.2
59 77.2 43 52.8
207 66.2 66 76.8
2002/08/21/big/img_221
6
49 21.6 137 164.4
37 312.2 126 136.8
0 263.2 96 118.8
38 217.6 70 86.4
10 293.2 54 64.8
3 251.4 65 75.6
2002/08/14/big/img_60
7
107 17.4 128 153.6
111 9.0 131 156.0
230 360.2 94 88.8
208 152.6 77 92.4
20 211.8 80 97.2
142 90.0 55 66.0
214 202.2 52 64.8
2003/01/17/big/img_885
4
68 33.2 174 208.8
93 277.4 146 171.6
137 183.2 69 82.8
66 62.8 137 163.2
2003/01/16/big/img_482
2
86 116.2 157 184.8
221 331.0 50 72.0
2002/08/19/big/img_593
3
87 57.8 121 145.2
144 262.2 133 160.8
90 85.4 83 99.6
2002/08/08/big/img_233
3
42 68.8 271 325.2
78 110.8 188 223.2
92 95.4 174 207.6
2002/07/30/big/img_458
3
41 43.8 186 223.2
50 111.4 143 171.6
63 119.2 65 76.8
2002/07/23/big/img_384
5
211 40.0 105 126.0
255 143.8 126 151.2
325 178.8 55 67.2
15 53.6 44 50.4
15 53.6 44 50.4
2003/01/15/big/img_670
5
103 64.8 97 115.2
103 72.0 90 108.0
127 124.6 42 50.4
125 115.8 48 55.2
19 228.4 48 57.6
2003/01/15/big/img_267
7
9 116.8 95 115.2
105 68.6 172 206.4
325 387.8 51 61.2
148 295.0 55 66.0
9 116.8 95 115.2
74 41.6 60 74.4
108 -5.6 33 39.6
2002/08/26/big/img_540
6
162 34.2 99 118.8
46 51.4 112 135.6
332 86.2 96 112.8
344 101.0 76 90.0
344 101.0 76 90.0
172 41.8 82 97.2
2002/07/29/big/img_552
5
103 25.2 79 94.8
102 37.0 64 78.0
68 -29.2 154 175.2
164 142.4 121 129.6
198 164.2 91 106.8
2002/07/30/big/img_997
9
258 14.8 76 91.2
57 85.6 179 212.4
53 73.0 86 102.0
141 116.8 66 79.2
73 111.0 46 54.0
196 158.2 56 70.8
71 100.0 39 48.0
0 199.4 33 39.6
147 33.2 65 76.8
2003/01/17/big/img_377
4
24 17.2 254 304.8
54 81.6 196 236.4
123 83.4 119 141.6
89 169.2 104 124.8
2002/08/21/big/img_265
3
3 97.2 231 274.8
57 210.8 121 145.2
203 280.0 75 90.0
2002/08/09/big/img_561
2
271 68.2 80 94.8
269 79.4 70 81.6
2002/07/31/big/img_945
1
0 11.4 274 333.6
2002/09/02/big/img_15252
3
90 33.8 148 175.2
107 61.0 117 138.0
166 60.0 71 84.0
2002/08/11/big/img_276
3
202 19.0 150 180.0
234 87.8 77 91.2
283 56.8 56 67.2
2002/07/22/big/img_491
9
232 35.0 90 108.0
29 -8.2 111 133.2
100 82.0 106 126.0
0 208.2 70 118.8
55 159.6 55 68.4
401 64.6 47 80.4
252 51.8 56 67.2
252 51.8 56 67.2
370 352.4 71 45.6
2002/07/26/big/img_517
2
69 30.8 191 229.2
0 376.6 22 50.4
2002/08/14/big/img_726
2
252 43.8 152 181.2
49 50.4 124 147.6
2002/08/08/big/img_46
4
82 9.4 265 393.6
115 140.0 195 234.0
94 69.8 226 271.2
240 154.2 76 88.8
2002/08/28/big/img_19458
3
210 29.8 161 193.2
257 112.4 62 75.6
257 112.4 62 75.6
2002/08/06/big/img_2935
3
213 20.2 196 232.8
280 145.8 73 85.2
291 54.4 88 105.6
2002/07/29/big/img_1392
7
227 25.8 187 223.2
227 25.8 187 223.2
34 154.2 117 142.8
247 42.4 144 171.6
350 295.2 61 52.8
229 152.4 35 39.6
345 263.8 56 67.2
2002/08/13/big/img_776
2
22 78.8 141 169.2
41 104.0 116 138.0
2002/08/24/big/img_616
3
157 184.0 76 90.0
137 53.6 104 122.4
163 98.6 53 62.4
2002/08/14/big/img_1065
9
74 46.6 151 182.4
55 38.6 161 194.4
8 242.0 113 96.0
8 242.0 113 96.0
77 70.6 117 140.4
282 65.6 38 44.4
0 9.0 23 54.0
189 233.2 64 76.8
80 75.0 70 84.0
2002/07/29/big/img_889
9
68 99.2 94 112.8
146 -2.4 151 182.4
151 41.4 87 105.6
75 105.8 76 91.2
224 335.4 68 81.6
157 49.6 72 86.4
164 85.6 48 56.4
102 153.6 33 38.4
102 153.6 33 38.4
2002/08/18/big/img_188
5
174 70.8 80 97.2
152 51.4 114 135.6
195 130.4 38 45.6
185 108.0 55 66.0
248 56.0 30 36.0
2002/08/07/big/img_1453
10
215 55.8 81 97.2
25 21.4 103 123.6
221 80.0 73 84.0
214 59.0 125 150.0
102 35.2 59 70.8
277 196.6 62 74.4
313 156.4 38 45.6
33 38.8 82 97.2
392 171.8 36 43.2
140 183.8 36 43.2
2002/08/02/big/img_760
7
32 21.8 231 277.2
78 57.4 159 189.6
14 325.6 100 122.4
78 99.6 77 92.4
61 46.2 113 136.8
163 91.4 73 87.6
12 363.4 49 57.6
