0.0919326453534
0.000432033726067
0.000224101229334
0.000148613080273
0.000110011920909
8.67609533743e-05
7.12989453168e-05
6.03227451284e-05
5.21486865175e-05
4.58342972135e-05
4.08213467759e-05
3.67536391139e-05
3.33867683134e-05
3.05576632109e-05
2.81694211792e-05
2.61040095391e-05
2.42988687682e-05
2.27177534694e-05
2.13170290257e-05
2.00831040016e-05
1.89767449487e-05
1.7977077395e-05
1.70751493433e-05
1.62566629113e-05
1.5508046696e-05
1.48267753058e-05
1.4198118406e-05
1.36186749472e-05
1.30825748174e-05
1.25893648975e-05
1.21285709404e-05
1.16951736739e-05
1.13003869626e-05
1.09239291977e-05
1.05587531828e-05
1.02257560216e-05
9.91571796922e-06
9.60936474121e-06
9.32789346043e-06
9.06388707317e-06
8.80610224367e-06
8.56947316424e-06
8.34457210985e-06
8.11567511582e-06
7.91102836129e-06
7.70947551446e-06
7.5193440538e-06
7.32987265997e-06
7.15226118341e-06
6.98916604206e-06
