1.16471976802
0.0118019411334
0.0106537714703
0.0096870601381
0.00855147947405
0.00763610183418
0.00642805813134
0.00574086797216
0.00463863818422
0.00373214385205
0.0030224762493
0.00247410323217
0.00190520495277
0.00150365826259
0.0012240939271
0.000949549580114
0.000774410096371
0.000631534832928
0.000575727160363
0.000423727407408
0.000380930142804
0.000363144926478
0.000291708150267
0.000309106242249
0.000257051856923
0.000339737644068
0.000201051957446
0.000206523893219
0.000196165203213
0.000183467672581
0.00014219207429
0.000143797946879
0.000126597818919
0.000170552089362
0.000155024755552
0.000107098199547
0.000133796145779
0.000161220990317
9.421648126e-05
0.000121283333406
9.71771795053e-05
8.45151908273e-05
0.000112260381564
8.87189534846e-05
0.00011735406444
8.26007119331e-05
8.12095006696e-05
9.02222867336e-05
8.74322726516e-05
8.56112860943e-05
7.45457091845e-05
5.14381661613e-05
0.000112131733374
7.91569876275e-05
7.82329792285e-05
6.70901957182e-05
5.4955742975e-05
8.50840645899e-05
8.29800759965e-05
4.07420278777e-05
8.14723104019e-05
8.00985653527e-05
8.95755611274e-05
3.80917135598e-05
5.73782651057e-05
6.64884479612e-05
8.69791477674e-05
8.61615956569e-05
5.39005887179e-05
8.46472077665e-05
8.39326796555e-05
9.33961329639e-05
4.12826382382e-05
7.14839797864e-05
6.09170978405e-05
5.96634263707e-05
3.88537516861e-05
7.9605428251e-05
5.84168828747e-05
3.69499101748e-05
6.77439977973e-05
3.59583802152e-05
7.71993347921e-05
8.70564901699e-05
3.49235022223e-05
4.49350649145e-05
4.43783577699e-05
6.50431531857e-05
5.41601396638e-05
5.39306623674e-05
2.21404764042e-05
5.29257952346e-05
7.36166821142e-05
4.19865800659e-05
5.21692027705e-05
5.16569627445e-05
6.19672739794e-05
3.04523729651e-05
4.06475830627e-05
3.01156797886e-05
