0.0447650943971
0.030745586928
0.0250666639594
0.0209505819365
0.0177106255987
0.014969227024
0.0126972896736
0.0108440477469
0.00919162645748
0.00785267639238
0.00676812526107
0.00590380046992
0.00516216104521
0.00436409053959
0.00394701308101
0.00355631543746
0.00322965884113
0.00283351784492
0.00257458221948
0.00238368617901
0.00218568671421
0.00201398956228
0.00169600478049
0.00242337944327
0.00157851570206
0.00120492262901
0.00117685658
0.00114405544808
0.00102523567707
0.000945187381714
0.00090962687746
0.000724745876603
0.000681361405336
0.000628943297218
0.000543865151137
0.000610687723529
0.000546672583919
0.00163019086761
0.000459710311402
0.000351987480853
0.000339810831201
0.00028887761508
0.000316003102871
0.000268615783414
0.000288597613092
0.000241972899524
0.000198863392482
0.00018536321814
0.000201308703232
0.000187321798222
0.000161827936535
0.000136224810877
0.00014357740172
0.000140371496361
0.000124978529652
0.000154175680628
0.000134083297981
0.000124776459208
8.9375093262e-05
9.8278199854e-05
0.00011699819773
0.000114556193315
7.7489007715e-05
0.000102100906667
0.000126727181268
7.96950926366e-05
9.90591486246e-05
7.6196100686e-05
5.47175572979e-05
7.1418823885e-05
6.16308179651e-05
6.60068161291e-05
0.000134259921221
6.40687988158e-05
6.0429068173e-05
5.70490088029e-05
9.63009536728e-05
5.40803484388e-05
4.36893758389e-05
5.09626790347e-05
8.09712183078e-05
4.92180515106e-05
7.03719798161e-05
6.65620202297e-05
5.62002247129e-05
5.7798793584e-05
4.58445468919e-05
7.53533736713e-05
4.40617766216e-05
7.5677562568e-05
5.22065436735e-05
7.28820741046e-05
5.11536272324e-05
4.9437556587e-05
2.97780294297e-05
7.13573514414e-05
8.07337305458e-05
4.89631332627e-05
5.90946158846e-05
6.93550742913e-05
