0.109771922281
0.061948449581
0.0526967053045
0.04754497198
0.0440963713838
0.0416222808146
0.0397921075623
0.0385524475123
0.0370928099955
0.0357383474614
0.0348894801878
0.0341987794395
0.0335469451461
0.0327924198164
0.0319113464776
0.0312185102636
0.0309729427125
0.0301848854549
0.0298998961187
0.0292500866611
0.0285455507899
0.0280042068658
0.0277645562116
0.0272659326409
0.0268867763141
0.0264022303993
0.0261362475908
0.0258475499456
0.0254759128184
0.0248989402485
0.0249118208864
0.0244819291629
0.0241990553649
0.0238565940719
0.0240009119414
0.0234859464452
0.0232169149798
0.0232247993885
0.0227010546707
0.0227228859282
0.022305142127
0.0225077227852
0.0218061463024
0.0215188720136
0.0215060252513
0.0215147491331
0.0211550846697
0.0212005707792
0.0209180589706
0.0204385865606
0.0205887712597
0.0204158279378
0.0201819751596
0.0199480044509
0.0198872404608
0.0197720974899
0.0194323924155
0.0193874785416
0.0191272322126
0.019131513819
0.0189337981131
0.018949867463
0.0184341018715
0.0186919564013
0.0184048275888
0.0182208523
0.0184153354877
0.0179819072341
0.0180974324241
0.0178465174337
0.0177748943758
0.0175347943065
0.0175406555476
0.0173596330588
0.0171230317336
0.0171248248385
0.0171018982745
0.0169590951255
0.0169439610127
0.0166978139327
0.0167608792753
0.0164890528401
0.0164274690165
0.0164312491764
0.016551819673
0.0160876188891
0.0160739657261
0.0160803736504
0.0159104211635
0.0158276865587
0.0155040671507
0.0156631703823
0.0157607618895
0.0156755412227
0.0155920286316
0.0152279681881
0.0154783691898
0.0149972891135
0.0153507385777
0.0150375024717
