0.0410649113653
0.00019860639113
0.000104622576133
6.99238097914e-05
5.20294389291e-05
4.11843631817e-05
3.39453728247e-05
2.87971575372e-05
2.494672145e-05
2.19753603331e-05
1.96156645165e-05
1.76944859111e-05
1.61041773668e-05
1.47745823478e-05
1.36340356316e-05
1.26521096835e-05
1.18033754086e-05
1.10628278172e-05
1.040089957e-05
9.81859372732e-06
9.28934244066e-06
8.82149662248e-06
8.39913192258e-06
8.00860176951e-06
7.65378513192e-06
7.33201046355e-06
7.02935105719e-06
6.74550629337e-06
6.49087606703e-06
6.25556094615e-06
6.02986926006e-06
5.8283314339e-06
5.63101637617e-06
5.44751368907e-06
5.27908459312e-06
5.12250854558e-06
4.97981556036e-06
4.83683325265e-06
4.69629692598e-06
4.57498317014e-06
4.45967755982e-06
4.34350776036e-06
4.23561158491e-06
4.1365027429e-06
4.03864543919e-06
3.94575337755e-06
3.85646576142e-06
3.7710140127e-06
3.69371676297e-06
3.61475630461e-06
